4
0.4768389517068251 0.4853562632424357 0.4986971277166893 0.49427913414196845 
0.4357085494309797 0.46749453129557367 0.47162136110771186 0.2634985215558926 
0.4046451394954589 0.12946973040878765 0.11588013095064989 0.26442145196952505 
0.47028760609359466 0.4995225887483295 0.47559093456367296 0.4692267005474661 

4
0.4894839073361425 0.49349126768396784 0.21402786609155253 0.49886526965102107 
0.4982861830927931 0.054447339469681756 0.13889195983120792 0.48981427431518015 
0.004449717351724609 0.4968268000840854 0.10549633814763908 0.49998732252757155 
0.49178919168326063 0.49972477099925605 0.44375543724514854 0.34217174120823923 