8
0.1385514481738995 0.24884884386194997 0.4339187270841517 0.1849363204806964 0.19991072406677837 0.32734269359536483 0.4225194784594591 0.48621961033390515 
0.4157409265184903 0.433427056761976 0.4990295332635596 0.3517094994857619 0.49755955324339624 0.008845579735206048 0.20720560205012378 0.07136306464693229 
0.4719333207475073 0.3971180443252752 0.4992528519541551 0.3521028727267505 0.49007341507576035 0.4994810625865782 0.21629071326026947 0.499608426271167 
0.049647969444115855 0.4785662744718131 0.4999932636573214 0.4995331055434951 0.49219686188468853 0.4682701820402652 0.4912109857311038 0.22477555979144678 
0.1253712150581245 0.48359329442471716 0.4844531465262019 0.24968017728304606 0.1612070944343907 0.08762113228405362 0.4995776168256716 0.34187081962977317 
0.27285834060898567 0.4130466593584034 0.2159417341679488 0.46374213041301127 0.4928116645196582 0.49852127341138724 0.4592719695036158 0.4304867413900156 
0.49804047877348306 0.12536987674146052 0.4995388436094129 0.20992504981506865 0.4998891736943266 0.061596756758303006 0.4992311621624615 0.1896794161422693 
0.41818801561799224 0.35243002323030087 0.3304448289916115 0.41518320277985776 0.017636388639300102 0.2920005846091821 0.3461176013491798 0.0971901609524727 

8
0.4731443191714555 0.48133242345570826 0.3827360649901277 0.26503360813320453 0.4998487862310797 0.4998783236024486 0.49378257997987307 0.4910420360007665 
0.4148543267009063 0.1896769472330278 0.006404974114814097 0.4208247043900917 0.4115242020887416 0.25705114169464477 0.499800664995285 0.4467273890704899 
0.49287722243416643 0.2745544936496094 0.35678121963358067 0.49943933262993223 0.3994362639709158 0.1351593160575668 0.11349893490488988 0.4989098109763938 
0.47709710984093234 0.45271801117474 0.3663262721900005 0.16979532165394362 0.47629392231757267 0.4683211792462943 0.4917500671199764 0.49996255607877055 
0.4995193200887876 0.27658444078715916 0.20721278812413596 0.3290189209391887 0.4950611854280971 0.49968303879450643 0.08996430838570686 0.4990116038740123 
0.4240403550306635 0.47694713893193125 0.3838481821331885 0.24095124127901238 0.462600064764379 0.49691391439939564 0.4999888742220159 0.3564560970093384 
0.31905285972848124 0.4398511054626834 0.2471267316805365 0.15963572837605447 0.16439936512142353 0.49784938592588696 0.49980709333979595 0.49528983569219887 
0.4972697504628094 0.3746229786645723 0.3895475574860513 0.4418914761605554 0.4990414371570515 0.1283044958282142 0.33426165902344646 0.15410602188765174 

